 -30.970833      -0.000000	0
 -0.942895       0.072010	0.07201
 0.941187        -0.036330	-0.03633
 -0.942746       0.023409	0.023409
 0.940525        -0.017470	-0.01747
 -0.943338       0.013831	0.013831
 0.941330        -0.011825	-0.011825
 -0.943157       0.009971	0.009971
 0.940708        -0.008567	-0.008567
 -0.943513       0.007330	0.00733
 0.941303        -0.005956	-0.005956
 -0.942820       0.005875	0.005875
 0.940759        -0.005125	-0.005125
 -0.942291       0.004130	0.00413
 0.940192        -0.004045	-0.004045
 -0.942944       0.002757	0.002757
 0.941694        -0.003052	-0.003052
 -0.942950       0.002670	0.00267
 0.941326        -0.001746	-0.001746
 -0.942965       0.001606	0.001606
 0.940991        -0.001557	-0.001557
 -0.942564       0.001938	0.001938
 0.941434        -0.001103	-0.001103
 -0.942776       0.000814	0.000814
 0.940311        0.000102	0.000102
 -0.944134       0.000397	0.000397
 0.941693        -0.000262	-0.000262
 -0.943208       -0.000270	-0.00027
 0.941866        -0.000067	-0.000067
 -0.942898       0.000198	0.000198
 0.941148        0.000720	0.00072
 -0.943981       -0.000326	-0.000326
 0.940982        0.000657	0.000657
 -0.943392       -0.000821	-0.000821
 0.941745        0.000701	0.000701
 -0.943292       -0.001209	-0.001209
 0.940968        0.001731	0.001731
 -0.944473       -0.002140	-0.00214
 0.941584        0.002265	0.002265
 -0.944089       -0.001546	-0.001546
 0.942299        0.001625	0.001625
 -0.943493       -0.001882	-0.001882
 0.940505        0.001379	0.001379
 -0.944013       -0.003210	-0.00321
 0.942797        0.001828	0.001828
 -0.942627       -0.001675	-0.001675
 0.943373        0.002348	0.002348
 -0.944582       -0.003041	-0.003041
 0.942516        0.002616	0.002616
 -0.943591       -0.002154	-0.002154
 0.942648        0.003098	0.003098
 -0.944414       -0.002946	-0.002946
 0.942379        0.002910	0.00291
 -0.944289       -0.003498	-0.003498
 0.942075        0.002694	0.002694
 -0.943643       -0.002031	-0.002031
 0.944382        0.003307	0.003307
 -0.944659       -0.004224	-0.004224
 0.942531        0.004580	0.00458
 -0.945330       -0.003539	-0.003539
 0.942108        0.004766	0.004766
 -0.945776       -0.004618	-0.004618
 0.942446        0.004540	0.00454
 -0.945508       -0.004632	-0.004632
 0.942434        0.003663	0.003663
 -0.943683       -0.004096	-0.004096
 0.942497        0.002282	0.002282
 -0.947440       -0.005297	-0.005297
 0.944137        0.004505	0.004505
 -0.945041       -0.005730	-0.00573
 0.944629        0.005830	0.00583
 -0.945279       -0.004950	-0.00495
 0.943356        0.004043	0.004043
 -0.947193       -0.004553	-0.004553
 0.944355        0.004239	0.004239
 -0.945582       -0.005437	-0.005437
 0.943346        0.006398	0.006398
 -0.945967       -0.007071	-0.007071
 0.944396        0.007469	0.007469
 -0.946663       -0.006646	-0.006646
 0.942837        0.007334	0.007334
 -0.947487       -0.007126	-0.007126
 0.944376        0.007506	0.007506
 -0.945258       -0.006919	-0.006919
 0.943312        0.007983	0.007983
 -0.948329       -0.008031	-0.008031
 0.944855        0.006352	0.006352
 -0.946239       -0.007787	-0.007787
 0.945807        0.009485	0.009485
 -0.948673       -0.006894	-0.006894
 0.944809        0.005622	0.005622
 -0.948631       -0.006341	-0.006341
 0.945459        0.007485	0.007485
 -0.946188       -0.007409	-0.007409
 0.944608        0.008206	0.008206
 -0.946485       -0.005329	-0.005329
 0.947080        0.007479	0.007479
 -0.946452       -0.006371	-0.006371
 0.948089        0.007063	0.007063
 -0.947010       -0.006497	-0.006497
 0.946865        0.005883	0.005883
 -0.947324       -0.007088	-0.007088
 0.946518        0.006627	0.006627
 -0.948025       -0.008255	-0.008255
 0.946798        0.009083	0.009083
 -0.944962       -0.009835	-0.009835
 0.949023        0.009536	0.009536
 -0.949731       -0.007813	-0.007813
 0.946602        0.008922	0.008922
 -0.947518       -0.008395	-0.008395
 0.945284        0.010512	0.010512
 -0.949653       -0.010164	-0.010164
 0.946643        0.009447	0.009447
 -0.949643       -0.009380	-0.00938
 0.947408        0.008365	0.008365
 -0.945451       -0.008173	-0.008173
 0.950306        0.009378	0.009378
 -0.949983       -0.010502	-0.010502
 0.945788        0.008866	0.008866
 -0.951061       -0.007459	-0.007459
 0.949240        0.008974	0.008974
 -0.947676       -0.009528	-0.009528
 0.949612        0.009349	0.009349
 -0.948883       -0.009878	-0.009878
 0.949932        0.009791	0.009791
 -0.948704       -0.010279	-0.010279
 0.950958        0.011024	0.011024
 -0.951440       -0.010205	-0.010205
 0.948326        0.008879	0.008879
 -0.950901       -0.010342	-0.010342
 0.950491        0.009948	0.009948
 -0.952203       -0.010638	-0.010638
 0.948259        0.010694	0.010694
 -0.951898       -0.010075	-0.010075
 0.948606        0.011578	0.011578
 -0.947220       -0.011615	-0.011615
 0.950613        0.014810	0.01481
 -0.952621       -0.011540	-0.01154
 0.950424        0.012066	0.012066
 -0.948263       -0.014165	-0.014165
 0.953038        0.009700	0.0097
 -0.954927       -0.012431	-0.012431
 0.950929        0.011583	0.011583
 -0.951167       -0.010260	-0.01026
 0.950250        0.007178	0.007178
 -0.954817       -0.014186	-0.014186
 0.952998        0.013476	0.013476
 -0.951457       -0.013439	-0.013439
 0.951976        0.015332	0.015332
 -0.954536       -0.013140	-0.01314
 0.948433        0.011394	0.011394
 -0.954807       -0.010091	-0.010091
 0.950657        0.011169	0.011169
 -0.954634       -0.015379	-0.015379
 0.953222        0.014275	0.014275
 -0.950722       -0.013475	-0.013475
 0.953618        0.013028	0.013028
 -0.954698       -0.012374	-0.012374
 0.952522        0.012288	0.012288
 -0.952761       -0.014204	-0.014204
 0.948574        0.009858	0.009858
 -0.958657       -0.007986	-0.007986
 0.956720        0.014857	0.014857
 -0.956959       -0.014347	-0.014347
 0.953871        0.013148	0.013148
 -0.953023       -0.013000	-0.013
 0.955494        0.015868	0.015868
 -0.952711       -0.013158	-0.013158
 0.957042        0.014615	0.014615
 -0.956319       -0.013483	-0.013483
 0.952948        0.018564	0.018564
 -0.961005       -0.015972	-0.015972
 0.955122        0.013663	0.013663
 -0.956187       -0.012827	-0.012827
 0.955677        0.014117	0.014117
 -0.958962       -0.016264	-0.016264
 0.951119        0.014132	0.014132
 -0.961439       -0.016706	-0.016706
 0.957724        0.018325	0.018325
 -0.957977       -0.018846	-0.018846
 0.956573        0.018950	0.01895
 -0.958955       -0.017124	-0.017124
 0.956511        0.015634	0.015634
 -0.956846       -0.019089	-0.019089
 0.954074        0.020305	0.020305
 -0.955594       -0.012762	-0.012762
 0.962168        0.014861	0.014861
 -0.959447       -0.019077	-0.019077
 0.956817        0.015057	0.015057
 -0.960202       -0.019320	-0.01932
 0.957843        0.015556	0.015556
 -0.961395       -0.016074	-0.016074
 0.955431        0.017861	0.017861
 -0.960996       -0.021275	-0.021275
 0.959965        0.021421	0.021421
 -0.959060       -0.017114	-0.017114
 0.961757        0.019448	0.019448
 -0.959279       -0.021928	-0.021928
 0.961316        0.020664	0.020664
 -0.961162       -0.019116	-0.019116
 0.956629        0.023926	0.023926
 -0.963863       -0.017591	-0.017591
 0.962837        0.016606	0.016606
 -0.960285       -0.018818	-0.018818
 0.961728        0.014876	0.014876
 -0.962136       -0.016012	-0.016012
 0.960963        0.015675	0.015675
 -0.959571       -0.016633	-0.016633
 0.961735        0.020002	0.020002
 -0.964968       -0.019599	-0.019599
 0.958770        0.016032	0.016032
 -0.967804       -0.021415	-0.021415
 0.957783        0.023287	0.023287
 -0.967926       -0.021041	-0.021041
 0.961453        0.020727	0.020727
 -0.965925       -0.023331	-0.023331
 0.959048        0.020169	0.020169
 -0.967316       -0.018914	-0.018914
 0.962333        0.022093	0.022093
 -0.968216       -0.021650	-0.02165
 0.965945        0.020532	0.020532
 -0.962910       -0.020909	-0.020909
 0.964386        0.019068	0.019068
 -0.968193       -0.023590	-0.02359
 0.963509        0.022654	0.022654
 -0.963824       -0.017618	-0.017618
 0.968062        0.017483	0.017483
 -0.964586       -0.020159	-0.020159
 0.963642        0.016167	0.016167
 -0.969698       -0.019038	-0.019038
 0.961602        0.022922	0.022922
 -0.969655       -0.027616	-0.027616
 0.967860        0.023084	0.023084
 -0.967339       -0.024015	-0.024015
 0.967181        0.019595	0.019595
 -0.967183       -0.027014	-0.027014
 0.970323        0.024944	0.024944
 -0.966375       -0.024708	-0.024708
 0.970024        0.028862	0.028862
 -0.968892       -0.022894	-0.022894
 0.970322        0.022223	0.022223
 -0.968025       -0.023906	-0.023906
 0.971078        0.024105	0.024105
 -0.967539       -0.025087	-0.025087
 0.970980        0.023093	0.023093
 -0.969879       -0.024474	-0.024474
 0.971079        0.026683	0.026683
 -0.971766       -0.024576	-0.024576
 0.968457        0.030264	0.030264
 -0.973691       -0.021566	-0.021566
 0.974594        0.022485	0.022485
 -0.972095       -0.025246	-0.025246
 0.971238        0.026705	0.026705
 -0.976217       -0.032231	-0.032231
 0.972826        0.026498	0.026498
 -0.974307       -0.027790	-0.02779
 0.966874        0.025548	0.025548
 -0.970100       -0.034263	-0.034263
 0.974840        0.024544	0.024544
 -0.979482       -0.020070	-0.02007
 0.974568        0.025051	0.025051
 -0.978344       -0.027586	-0.027586
 0.965525        0.026013	0.026013
 -0.981197       -0.028077	-0.028077
 0.975262        0.030432	0.030432
 -0.974720       -0.028706	-0.028706
 0.976452        0.030621	0.030621
 -0.978940       -0.032161	-0.032161
 0.972359        0.032649	0.032649
 -0.977338       -0.026297	-0.026297
 0.977475        0.026660	0.02666
 -0.978248       -0.028162	-0.028162
 0.973049        0.024001	0.024001
 -0.982058       -0.026274	-0.026274
 0.978434        0.026138	0.026138
 -0.979437       -0.025801	-0.025801
 0.975138        0.025184	0.025184
 -0.980267       -0.025056	-0.025056
 0.977532        0.032216	0.032216
 -0.980319       -0.037817	-0.037817
 0.982665        0.030946	0.030946
 -0.981457       -0.029332	-0.029332
 0.976035        0.030031	0.030031
 -0.975960       -0.025060	-0.02506
 0.985335        0.028127	0.028127
 -0.979142       -0.033327	-0.033327
 0.982904        0.027847	0.027847
 -0.980922       -0.034598	-0.034598
 0.982561        0.029995	0.029995
 -0.989508       -0.034624	-0.034624
 0.975685        0.041696	0.041696
 -0.992843       -0.036372	-0.036372
 0.983687        0.030490	0.03049
 -0.987311       -0.030603	-0.030603
 0.974818        0.032732	0.032732
 -0.990327       -0.031586	-0.031586
 0.989601        0.035815	0.035815
 -0.984402       -0.041873	-0.041873
 0.987320        0.039828	0.039828
 -0.991459       -0.036357	-0.036357
 0.982121        0.029956	0.029956
 -0.990461       -0.030877	-0.030877
 0.984110        0.030196	0.030196
 -0.987734       -0.031578	-0.031578
 0.976864        0.030577	0.030577
 -0.991923       -0.038477	-0.038477
 0.995846        0.038161	0.038161
 -0.984048       -0.040328	-0.040328
 0.990075        0.040776	0.040776
 -0.992119       -0.041183	-0.041183
 0.983590        0.033893	0.033893
 -0.985383       -0.045654	-0.045654
 0.995196        0.041073	0.041073
 -0.998663       -0.035695	-0.035695
 0.986537        0.039797	0.039797
 -0.994427       -0.038346	-0.038346
 0.989286        0.040252	0.040252
 -0.996109       -0.044244	-0.044244
 0.995401        0.043357	0.043357
 -0.993733       -0.039798	-0.039798
 0.987757        0.034160	0.03416
 -0.997315       -0.035996	-0.035996
 0.994143        0.039384	0.039384
 -0.993523       -0.036161	-0.036161
 0.990609        0.042862	0.042862
 -0.988838       -0.034410	-0.03441
 0.997967        0.040363	0.040363
 -0.996083       -0.041745	-0.041745
 0.995822        0.033315	0.033315
 -1.005341       -0.039352	-0.039352
 0.988048        0.039825	0.039825
 -1.003169       -0.042408	-0.042408
 1.002910        0.039611	0.039611
 -0.999118       -0.043105	-0.043105
 0.990430        0.041071	0.041071
 -1.000952       -0.043405	-0.043405
 0.997314        0.044182	0.044182
 -0.999961       -0.050779	-0.050779
 1.002299        0.048028	0.048028
 -0.993847       -0.053212	-0.053212
 1.000916        0.040781	0.040781
 -1.005170       -0.041691	-0.041691
 1.006917        0.046282	0.046282
 -0.994929       -0.043715	-0.043715
 1.002305        0.051485	0.051485
 -1.005320       -0.048603	-0.048603
 1.002433        0.039394	0.039394
 -1.003656       -0.049330	-0.04933
 1.008857        0.047819	0.047819
 -1.000634       -0.042547	-0.042547
 1.007794        0.040555	0.040555
 -1.002772       -0.045677	-0.045677
 1.008509        0.049005	0.049005
 -1.003565       -0.047942	-0.047942
 1.006710        0.044099	0.044099
 -1.006270       -0.048416	-0.048416
 1.002488        0.053880	0.05388
 -0.999629       -0.060123	-0.060123
 1.011102        0.054980	0.05498
 -1.011422       -0.057263	-0.057263
 1.006459        0.048156	0.048156
 -1.016798       -0.046539	-0.046539
 1.005247        0.049788	0.049788
 -1.014410       -0.054607	-0.054607
 0.995310        0.047405	0.047405
 -1.020449       -0.043102	-0.043102
 1.012247        0.056114	0.056114
 -1.018458       -0.056526	-0.056526
 1.015069        0.047857	0.047857
 -1.016482       -0.048870	-0.04887
 1.007825        0.046523	0.046523
 -1.017651       -0.049145	-0.049145
 1.012933        0.050472	0.050472
 -1.013759       -0.050559	-0.050559
 1.016250        0.051908	0.051908
 -1.015930       -0.057203	-0.057203
 1.019145        0.055090	0.05509
 -1.009922       -0.062326	-0.062326
 1.017241        0.050144	0.050144
 -1.019450       -0.056187	-0.056187
 1.016848        0.065883	0.065883
 -1.023503       -0.059827	-0.059827
 1.019241        0.056091	0.056091
 -1.017537       -0.064604	-0.064604
 1.025508        0.063345	0.063345
 -1.014349       -0.061733	-0.061733
 1.018931        0.052222	0.052222
 -1.028248       -0.050880	-0.05088
 1.019190        0.055836	0.055836
 -1.026593       -0.055113	-0.055113
 1.019495        0.052752	0.052752
 -1.023750       -0.058638	-0.058638
 1.030520        0.061254	0.061254
 -1.016482       -0.054431	-0.054431
 1.033579        0.055840	0.05584
 -1.017903       -0.056022	-0.056022
 1.029583        0.057329	0.057329
 -1.024709       -0.061111	-0.061111
 1.030010        0.061792	0.061792
 -1.023983       -0.060173	-0.060173
 1.029553        0.053633	0.053633
 -1.026907       -0.051742	-0.051742
 1.034154        0.055045	0.055045
 -1.034519       -0.063869	-0.063869
 1.029514        0.068955	0.068955
 -1.023573       -0.070825	-0.070825
 1.032242        0.070938	0.070938
 -1.042008       -0.067159	-0.067159
 1.028815        0.061000	0.061
 -1.029433       -0.060945	-0.060945
 1.037041        0.059542	0.059542
 -1.033268       -0.067321	-0.067321
 1.036572        0.066390	0.06639
 -1.038280       -0.068691	-0.068691
 1.028737        0.067581	0.067581
 -1.039755       -0.074050	-0.07405
 1.039287        0.066131	0.066131
 -1.037187       -0.069670	-0.06967
 1.031468        0.054334	0.054334
 -1.034262       -0.074419	-0.074419
 1.034437        0.059598	0.059598
 -1.050992       -0.060654	-0.060654
 1.047931        0.073579	0.073579
 -1.039473       -0.069680	-0.06968
 1.041305        0.073328	0.073328
 -1.043215       -0.067014	-0.067014
 1.036431        0.060996	0.060996
 -1.045018       -0.068650	-0.06865
 1.046303        0.070553	0.070553
 -1.038496       -0.068541	-0.068541
 1.042096        0.063157	0.063157
 -1.055137       -0.070912	-0.070912
 1.043478        0.074667	0.074667
 -1.053523       -0.066179	-0.066179
 1.039628        0.066184	0.066184
 -1.048555       -0.064200	-0.0642
 1.035935        0.060723	0.060723
 -1.045355       -0.081528	-0.081528
 1.062918        0.086526	0.086526
 -1.053882       -0.077912	-0.077912
 1.052471        0.084521	0.084521
 -1.059750       -0.075766	-0.075766
 1.043604        0.078509	0.078509
 -1.050508       -0.079463	-0.079463
 1.058004        0.080941	0.080941
 -1.059711       -0.062737	-0.062737
 1.052921        0.076103	0.076103
 -1.060472       -0.076150	-0.07615
 1.049013        0.085389	0.085389
 -1.056912       -0.072516	-0.072516
 1.056197        0.082556	0.082556
 -1.061414       -0.081660	-0.08166
 1.057823        0.077798	0.077798
 -1.055973       -0.074517	-0.074517
 1.048142        0.091485	0.091485
 -1.064913       -0.078341	-0.078341
 1.059012        0.077880	0.07788
 -1.068872       -0.089057	-0.089057
 1.059213        0.076565	0.076565
 -1.060630       -0.091694	-0.091694
 1.068371        0.087634	0.087634
 -1.065652       -0.087668	-0.087668
 1.058889        0.080211	0.080211
 -1.074154       -0.077911	-0.077911
 1.062565        0.073130	0.07313
 -1.075703       -0.074424	-0.074424
 1.067260        0.074754	0.074754
 -1.071670       -0.082276	-0.082276
 1.070753        0.085543	0.085543
 -1.075079       -0.091142	-0.091142
 1.080657        0.087474	0.087474
 -1.080202       -0.081772	-0.081772
 1.087540        0.084801	0.084801
 -1.074000       -0.091597	-0.091597
 1.090504        0.093874	0.093874
 -1.098899       -0.084324	-0.084324
 1.108292        0.089951	0.089951
 -1.092257       -0.089138	-0.089138
 1.117510        0.090821	0.090821
 -1.123346       -0.086247	-0.086247
 1.129701        0.095350	0.09535
 -1.149512       -0.090082	-0.090082
 1.146052        0.096807	0.096807
 -1.177464       -0.098076	-0.098076
 1.168800        0.102865	0.102865
 -1.203816       -0.099657	-0.099657
 1.226622        0.087046	0.087046
 -1.241975       -0.101234	-0.101234
 1.256683        0.092083	0.092083
 -1.280997       -0.111425	-0.111425
 1.321673        0.115846	0.115846
 -1.334407       -0.111004	-0.111004
 1.373457        0.108404	0.108404
 -1.413867       -0.104837	-0.104837
 1.435951        0.120943	0.120943
 -1.504886       -0.143419	-0.143419
 1.523014        0.117504	0.117504
 -1.594267       -0.112990	-0.11299
 1.628108        0.112967	0.112967
 -1.679314       -0.119499	-0.119499
 1.736246        0.128806	0.128806
 -1.784178       -0.126194	-0.126194
 1.836817        0.119900	0.1199
 -1.921376       -0.108774	-0.108774
 1.952128        0.109469	0.109469
 -2.016265       -0.103112	-0.103112
 2.052011        0.100874	0.100874
 -2.119626       -0.078234	-0.078234
 2.135752        0.062459	0.062459
 -2.202678       -0.048494	-0.048494
 2.191904        0.037387	0.037387
 -2.235797       -0.016212	-0.016212
 2.211307        -0.000000	0
 -2.235797       0.016212	0.016212
 2.191904        -0.037387	-0.037387
 -2.202678       0.048494	0.048494
 2.135752        -0.062459	-0.062459
 -2.119626       0.078234	0.078234
 2.052011        -0.100874	-0.100874
 -2.016265       0.103112	0.103112
 1.952128        -0.109469	-0.109469
 -1.921376       0.108774	0.108774
 1.836817        -0.119900	-0.1199
 -1.784178       0.126194	0.126194
 1.736246        -0.128806	-0.128806
 -1.679314       0.119499	0.119499
 1.628108        -0.112967	-0.112967
 -1.594267       0.112990	0.11299
 1.523014        -0.117504	-0.117504
 -1.504886       0.143419	0.143419
 1.435951        -0.120943	-0.120943
 -1.413867       0.104837	0.104837
 1.373457        -0.108404	-0.108404
 -1.334407       0.111004	0.111004
 1.321673        -0.115846	-0.115846
 -1.280997       0.111425	0.111425
 1.256683        -0.092083	-0.092083
 -1.241975       0.101234	0.101234
 1.226622        -0.087046	-0.087046
 -1.203816       0.099657	0.099657
 1.168800        -0.102865	-0.102865
 -1.177464       0.098076	0.098076
 1.146052        -0.096807	-0.096807
 -1.149512       0.090082	0.090082
 1.129701        -0.095350	-0.09535
 -1.123346       0.086247	0.086247
 1.117510        -0.090821	-0.090821
 -1.092257       0.089138	0.089138
 1.108292        -0.089951	-0.089951
 -1.098899       0.084324	0.084324
 1.090504        -0.093874	-0.093874
 -1.074000       0.091597	0.091597
 1.087540        -0.084801	-0.084801
 -1.080202       0.081772	0.081772
 1.080657        -0.087474	-0.087474
 -1.075079       0.091142	0.091142
 1.070753        -0.085543	-0.085543
 -1.071670       0.082276	0.082276
 1.067260        -0.074754	-0.074754
 -1.075703       0.074424	0.074424
 1.062565        -0.073130	-0.07313
 -1.074154       0.077911	0.077911
 1.058889        -0.080211	-0.080211
 -1.065652       0.087668	0.087668
 1.068371        -0.087634	-0.087634
 -1.060630       0.091694	0.091694
 1.059213        -0.076565	-0.076565
 -1.068872       0.089057	0.089057
 1.059012        -0.077880	-0.07788
 -1.064913       0.078341	0.078341
 1.048142        -0.091485	-0.091485
 -1.055973       0.074517	0.074517
 1.057823        -0.077798	-0.077798
 -1.061414       0.081660	0.08166
 1.056197        -0.082556	-0.082556
 -1.056912       0.072516	0.072516
 1.049013        -0.085389	-0.085389
 -1.060472       0.076150	0.07615
 1.052921        -0.076103	-0.076103
 -1.059711       0.062737	0.062737
 1.058004        -0.080941	-0.080941
 -1.050508       0.079463	0.079463
 1.043604        -0.078509	-0.078509
 -1.059750       0.075766	0.075766
 1.052471        -0.084521	-0.084521
 -1.053882       0.077912	0.077912
 1.062918        -0.086526	-0.086526
 -1.045355       0.081528	0.081528
 1.035935        -0.060723	-0.060723
 -1.048555       0.064200	0.0642
 1.039628        -0.066184	-0.066184
 -1.053523       0.066179	0.066179
 1.043478        -0.074667	-0.074667
 -1.055137       0.070912	0.070912
 1.042096        -0.063157	-0.063157
 -1.038496       0.068541	0.068541
 1.046303        -0.070553	-0.070553
 -1.045018       0.068650	0.06865
 1.036431        -0.060996	-0.060996
 -1.043215       0.067014	0.067014
 1.041305        -0.073328	-0.073328
 -1.039473       0.069680	0.06968
 1.047931        -0.073579	-0.073579
 -1.050992       0.060654	0.060654
 1.034437        -0.059598	-0.059598
 -1.034262       0.074419	0.074419
 1.031468        -0.054334	-0.054334
 -1.037187       0.069670	0.06967
 1.039287        -0.066131	-0.066131
 -1.039755       0.074050	0.07405
 1.028737        -0.067581	-0.067581
 -1.038280       0.068691	0.068691
 1.036572        -0.066390	-0.06639
 -1.033268       0.067321	0.067321
 1.037041        -0.059542	-0.059542
 -1.029433       0.060945	0.060945
 1.028815        -0.061000	-0.061
 -1.042008       0.067159	0.067159
 1.032242        -0.070938	-0.070938
 -1.023573       0.070825	0.070825
 1.029514        -0.068955	-0.068955
 -1.034519       0.063869	0.063869
 1.034154        -0.055045	-0.055045
 -1.026907       0.051742	0.051742
 1.029553        -0.053633	-0.053633
 -1.023983       0.060173	0.060173
 1.030010        -0.061792	-0.061792
 -1.024709       0.061111	0.061111
 1.029583        -0.057329	-0.057329
 -1.017903       0.056022	0.056022
 1.033579        -0.055840	-0.05584
 -1.016482       0.054431	0.054431
 1.030520        -0.061254	-0.061254
 -1.023750       0.058638	0.058638
 1.019495        -0.052752	-0.052752
 -1.026593       0.055113	0.055113
 1.019190        -0.055836	-0.055836
 -1.028248       0.050880	0.05088
 1.018931        -0.052222	-0.052222
 -1.014349       0.061733	0.061733
 1.025508        -0.063345	-0.063345
 -1.017537       0.064604	0.064604
 1.019241        -0.056091	-0.056091
 -1.023503       0.059827	0.059827
 1.016848        -0.065883	-0.065883
 -1.019450       0.056187	0.056187
 1.017241        -0.050144	-0.050144
 -1.009922       0.062326	0.062326
 1.019145        -0.055090	-0.05509
 -1.015930       0.057203	0.057203
 1.016250        -0.051908	-0.051908
 -1.013759       0.050559	0.050559
 1.012933        -0.050472	-0.050472
 -1.017651       0.049145	0.049145
 1.007825        -0.046523	-0.046523
 -1.016482       0.048870	0.04887
 1.015069        -0.047857	-0.047857
 -1.018458       0.056526	0.056526
 1.012247        -0.056114	-0.056114
 -1.020449       0.043102	0.043102
 0.995310        -0.047405	-0.047405
 -1.014410       0.054607	0.054607
 1.005247        -0.049788	-0.049788
 -1.016798       0.046539	0.046539
 1.006459        -0.048156	-0.048156
 -1.011422       0.057263	0.057263
 1.011102        -0.054980	-0.05498
 -0.999629       0.060123	0.060123
 1.002488        -0.053880	-0.05388
 -1.006270       0.048416	0.048416
 1.006710        -0.044099	-0.044099
 -1.003565       0.047942	0.047942
 1.008509        -0.049005	-0.049005
 -1.002772       0.045677	0.045677
 1.007794        -0.040555	-0.040555
 -1.000634       0.042547	0.042547
 1.008857        -0.047819	-0.047819
 -1.003656       0.049330	0.04933
 1.002433        -0.039394	-0.039394
 -1.005320       0.048603	0.048603
 1.002305        -0.051485	-0.051485
 -0.994929       0.043715	0.043715
 1.006917        -0.046282	-0.046282
 -1.005170       0.041691	0.041691
 1.000916        -0.040781	-0.040781
 -0.993847       0.053212	0.053212
 1.002299        -0.048028	-0.048028
 -0.999961       0.050779	0.050779
 0.997314        -0.044182	-0.044182
 -1.000952       0.043405	0.043405
 0.990430        -0.041071	-0.041071
 -0.999118       0.043105	0.043105
 1.002910        -0.039611	-0.039611
 -1.003169       0.042408	0.042408
 0.988048        -0.039825	-0.039825
 -1.005341       0.039352	0.039352
 0.995822        -0.033315	-0.033315
 -0.996083       0.041745	0.041745
 0.997967        -0.040363	-0.040363
 -0.988838       0.034410	0.03441
 0.990609        -0.042862	-0.042862
 -0.993523       0.036161	0.036161
 0.994143        -0.039384	-0.039384
 -0.997315       0.035996	0.035996
 0.987757        -0.034160	-0.03416
 -0.993733       0.039798	0.039798
 0.995401        -0.043357	-0.043357
 -0.996109       0.044244	0.044244
 0.989286        -0.040252	-0.040252
 -0.994427       0.038346	0.038346
 0.986537        -0.039797	-0.039797
 -0.998663       0.035695	0.035695
 0.995196        -0.041073	-0.041073
 -0.985383       0.045654	0.045654
 0.983590        -0.033893	-0.033893
 -0.992119       0.041183	0.041183
 0.990075        -0.040776	-0.040776
 -0.984048       0.040328	0.040328
 0.995846        -0.038161	-0.038161
 -0.991923       0.038477	0.038477
 0.976864        -0.030577	-0.030577
 -0.987734       0.031578	0.031578
 0.984110        -0.030196	-0.030196
 -0.990461       0.030877	0.030877
 0.982121        -0.029956	-0.029956
 -0.991459       0.036357	0.036357
 0.987320        -0.039828	-0.039828
 -0.984402       0.041873	0.041873
 0.989601        -0.035815	-0.035815
 -0.990327       0.031586	0.031586
 0.974818        -0.032732	-0.032732
 -0.987311       0.030603	0.030603
 0.983687        -0.030490	-0.03049
 -0.992843       0.036372	0.036372
 0.975685        -0.041696	-0.041696
 -0.989508       0.034624	0.034624
 0.982561        -0.029995	-0.029995
 -0.980922       0.034598	0.034598
 0.982904        -0.027847	-0.027847
 -0.979142       0.033327	0.033327
 0.985335        -0.028127	-0.028127
 -0.975960       0.025060	0.02506
 0.976035        -0.030031	-0.030031
 -0.981457       0.029332	0.029332
 0.982665        -0.030946	-0.030946
 -0.980319       0.037817	0.037817
 0.977532        -0.032216	-0.032216
 -0.980267       0.025056	0.025056
 0.975138        -0.025184	-0.025184
 -0.979437       0.025801	0.025801
 0.978434        -0.026138	-0.026138
 -0.982058       0.026274	0.026274
 0.973049        -0.024001	-0.024001
 -0.978248       0.028162	0.028162
 0.977475        -0.026660	-0.02666
 -0.977338       0.026297	0.026297
 0.972359        -0.032649	-0.032649
 -0.978940       0.032161	0.032161
 0.976452        -0.030621	-0.030621
 -0.974720       0.028706	0.028706
 0.975262        -0.030432	-0.030432
 -0.981197       0.028077	0.028077
 0.965525        -0.026013	-0.026013
 -0.978344       0.027586	0.027586
 0.974568        -0.025051	-0.025051
 -0.979482       0.020070	0.02007
 0.974840        -0.024544	-0.024544
 -0.970100       0.034263	0.034263
 0.966874        -0.025548	-0.025548
 -0.974307       0.027790	0.02779
 0.972826        -0.026498	-0.026498
 -0.976217       0.032231	0.032231
 0.971238        -0.026705	-0.026705
 -0.972095       0.025246	0.025246
 0.974594        -0.022485	-0.022485
 -0.973691       0.021566	0.021566
 0.968457        -0.030264	-0.030264
 -0.971766       0.024576	0.024576
 0.971079        -0.026683	-0.026683
 -0.969879       0.024474	0.024474
 0.970980        -0.023093	-0.023093
 -0.967539       0.025087	0.025087
 0.971078        -0.024105	-0.024105
 -0.968025       0.023906	0.023906
 0.970322        -0.022223	-0.022223
 -0.968892       0.022894	0.022894
 0.970024        -0.028862	-0.028862
 -0.966375       0.024708	0.024708
 0.970323        -0.024944	-0.024944
 -0.967183       0.027014	0.027014
 0.967181        -0.019595	-0.019595
 -0.967339       0.024015	0.024015
 0.967860        -0.023084	-0.023084
 -0.969655       0.027616	0.027616
 0.961602        -0.022922	-0.022922
 -0.969698       0.019038	0.019038
 0.963642        -0.016167	-0.016167
 -0.964586       0.020159	0.020159
 0.968062        -0.017483	-0.017483
 -0.963824       0.017618	0.017618
 0.963509        -0.022654	-0.022654
 -0.968193       0.023590	0.02359
 0.964386        -0.019068	-0.019068
 -0.962910       0.020909	0.020909
 0.965945        -0.020532	-0.020532
 -0.968216       0.021650	0.02165
 0.962333        -0.022093	-0.022093
 -0.967316       0.018914	0.018914
 0.959048        -0.020169	-0.020169
 -0.965925       0.023331	0.023331
 0.961453        -0.020727	-0.020727
 -0.967926       0.021041	0.021041
 0.957783        -0.023287	-0.023287
 -0.967804       0.021415	0.021415
 0.958770        -0.016032	-0.016032
 -0.964968       0.019599	0.019599
 0.961735        -0.020002	-0.020002
 -0.959571       0.016633	0.016633
 0.960963        -0.015675	-0.015675
 -0.962136       0.016012	0.016012
 0.961728        -0.014876	-0.014876
 -0.960285       0.018818	0.018818
 0.962837        -0.016606	-0.016606
 -0.963863       0.017591	0.017591
 0.956629        -0.023926	-0.023926
 -0.961162       0.019116	0.019116
 0.961316        -0.020664	-0.020664
 -0.959279       0.021928	0.021928
 0.961757        -0.019448	-0.019448
 -0.959060       0.017114	0.017114
 0.959965        -0.021421	-0.021421
 -0.960996       0.021275	0.021275
 0.955431        -0.017861	-0.017861
 -0.961395       0.016074	0.016074
 0.957843        -0.015556	-0.015556
 -0.960202       0.019320	0.01932
 0.956817        -0.015057	-0.015057
 -0.959447       0.019077	0.019077
 0.962168        -0.014861	-0.014861
 -0.955594       0.012762	0.012762
 0.954074        -0.020305	-0.020305
 -0.956846       0.019089	0.019089
 0.956511        -0.015634	-0.015634
 -0.958955       0.017124	0.017124
 0.956573        -0.018950	-0.01895
 -0.957977       0.018846	0.018846
 0.957724        -0.018325	-0.018325
 -0.961439       0.016706	0.016706
 0.951119        -0.014132	-0.014132
 -0.958962       0.016264	0.016264
 0.955677        -0.014117	-0.014117
 -0.956187       0.012827	0.012827
 0.955122        -0.013663	-0.013663
 -0.961005       0.015972	0.015972
 0.952948        -0.018564	-0.018564
 -0.956319       0.013483	0.013483
 0.957042        -0.014615	-0.014615
 -0.952711       0.013158	0.013158
 0.955494        -0.015868	-0.015868
 -0.953023       0.013000	0.013
 0.953871        -0.013148	-0.013148
 -0.956959       0.014347	0.014347
 0.956720        -0.014857	-0.014857
 -0.958657       0.007986	0.007986
 0.948574        -0.009858	-0.009858
 -0.952761       0.014204	0.014204
 0.952522        -0.012288	-0.012288
 -0.954698       0.012374	0.012374
 0.953618        -0.013028	-0.013028
 -0.950722       0.013475	0.013475
 0.953222        -0.014275	-0.014275
 -0.954634       0.015379	0.015379
 0.950657        -0.011169	-0.011169
 -0.954807       0.010091	0.010091
 0.948433        -0.011394	-0.011394
 -0.954536       0.013140	0.01314
 0.951976        -0.015332	-0.015332
 -0.951457       0.013439	0.013439
 0.952998        -0.013476	-0.013476
 -0.954817       0.014186	0.014186
 0.950250        -0.007178	-0.007178
 -0.951167       0.010260	0.01026
 0.950929        -0.011583	-0.011583
 -0.954927       0.012431	0.012431
 0.953038        -0.009700	-0.0097
 -0.948263       0.014165	0.014165
 0.950424        -0.012066	-0.012066
 -0.952621       0.011540	0.01154
 0.950613        -0.014810	-0.01481
 -0.947220       0.011615	0.011615
 0.948606        -0.011578	-0.011578
 -0.951898       0.010075	0.010075
 0.948259        -0.010694	-0.010694
 -0.952203       0.010638	0.010638
 0.950491        -0.009948	-0.009948
 -0.950901       0.010342	0.010342
 0.948326        -0.008879	-0.008879
 -0.951440       0.010205	0.010205
 0.950958        -0.011024	-0.011024
 -0.948704       0.010279	0.010279
 0.949932        -0.009791	-0.009791
 -0.948883       0.009878	0.009878
 0.949612        -0.009349	-0.009349
 -0.947676       0.009528	0.009528
 0.949240        -0.008974	-0.008974
 -0.951061       0.007459	0.007459
 0.945788        -0.008866	-0.008866
 -0.949983       0.010502	0.010502
 0.950306        -0.009378	-0.009378
 -0.945451       0.008173	0.008173
 0.947408        -0.008365	-0.008365
 -0.949643       0.009380	0.00938
 0.946643        -0.009447	-0.009447
 -0.949653       0.010164	0.010164
 0.945284        -0.010512	-0.010512
 -0.947518       0.008395	0.008395
 0.946602        -0.008922	-0.008922
 -0.949731       0.007813	0.007813
 0.949023        -0.009536	-0.009536
 -0.944962       0.009835	0.009835
 0.946798        -0.009083	-0.009083
 -0.948025       0.008255	0.008255
 0.946518        -0.006627	-0.006627
 -0.947324       0.007088	0.007088
 0.946865        -0.005883	-0.005883
 -0.947010       0.006497	0.006497
 0.948089        -0.007063	-0.007063
 -0.946452       0.006371	0.006371
 0.947080        -0.007479	-0.007479
 -0.946485       0.005329	0.005329
 0.944608        -0.008206	-0.008206
 -0.946188       0.007409	0.007409
 0.945459        -0.007485	-0.007485
 -0.948631       0.006341	0.006341
 0.944809        -0.005622	-0.005622
 -0.948673       0.006894	0.006894
 0.945807        -0.009485	-0.009485
 -0.946239       0.007787	0.007787
 0.944855        -0.006352	-0.006352
 -0.948329       0.008031	0.008031
 0.943312        -0.007983	-0.007983
 -0.945258       0.006919	0.006919
 0.944376        -0.007506	-0.007506
 -0.947487       0.007126	0.007126
 0.942837        -0.007334	-0.007334
 -0.946663       0.006646	0.006646
 0.944396        -0.007469	-0.007469
 -0.945967       0.007071	0.007071
 0.943346        -0.006398	-0.006398
 -0.945582       0.005437	0.005437
 0.944355        -0.004239	-0.004239
 -0.947193       0.004553	0.004553
 0.943356        -0.004043	-0.004043
 -0.945279       0.004950	0.00495
 0.944629        -0.005830	-0.00583
 -0.945041       0.005730	0.00573
 0.944137        -0.004505	-0.004505
 -0.947440       0.005297	0.005297
 0.942497        -0.002282	-0.002282
 -0.943683       0.004096	0.004096
 0.942434        -0.003663	-0.003663
 -0.945508       0.004632	0.004632
 0.942446        -0.004540	-0.00454
 -0.945776       0.004618	0.004618
 0.942108        -0.004766	-0.004766
 -0.945330       0.003539	0.003539
 0.942531        -0.004580	-0.00458
 -0.944659       0.004224	0.004224
 0.944382        -0.003307	-0.003307
 -0.943643       0.002031	0.002031
 0.942075        -0.002694	-0.002694
 -0.944289       0.003498	0.003498
 0.942379        -0.002910	-0.00291
 -0.944414       0.002946	0.002946
 0.942648        -0.003098	-0.003098
 -0.943591       0.002154	0.002154
 0.942516        -0.002616	-0.002616
 -0.944582       0.003041	0.003041
 0.943373        -0.002348	-0.002348
 -0.942627       0.001675	0.001675
 0.942797        -0.001828	-0.001828
 -0.944013       0.003210	0.00321
 0.940505        -0.001379	-0.001379
 -0.943493       0.001882	0.001882
 0.942299        -0.001625	-0.001625
 -0.944089       0.001546	0.001546
 0.941584        -0.002265	-0.002265
 -0.944473       0.002140	0.00214
 0.940968        -0.001731	-0.001731
 -0.943292       0.001209	0.001209
 0.941745        -0.000701	-0.000701
 -0.943392       0.000821	0.000821
 0.940982        -0.000657	-0.000657
 -0.943981       0.000326	0.000326
 0.941148        -0.000720	-0.00072
 -0.942898       -0.000198	-0.000198
 0.941866        0.000067	0.000067
 -0.943208       0.000270	0.00027
 0.941693        0.000262	0.000262
 -0.944134       -0.000397	-0.000397
 0.940311        -0.000102	-0.000102
 -0.942776       -0.000814	-0.000814
 0.941434        0.001103	0.001103
 -0.942564       -0.001938	-0.001938
 0.940991        0.001557	0.001557
 -0.942965       -0.001606	-0.001606
 0.941326        0.001746	0.001746
 -0.942950       -0.002670	-0.00267
 0.941694        0.003052	0.003052
 -0.942944       -0.002757	-0.002757
 0.940192        0.004045	0.004045
 -0.942291       -0.004130	-0.00413
 0.940759        0.005125	0.005125
 -0.942820       -0.005875	-0.005875
 0.941303        0.005956	0.005956
 -0.943513       -0.007330	-0.00733
 0.940708        0.008567	0.008567
 -0.943157       -0.009971	-0.009971
 0.941330        0.011825	0.011825
 -0.943338       -0.013831	-0.013831
 0.940525        0.017470	0.01747
 -0.942746       -0.023409	-0.023409
 0.941187        0.036330	0.03633
 -0.942895       -0.072010	-0.07201
	
	
	
	
	
	
	
	
	
	
	
	
	
	
	
	
	
	
	
	
	
	
	
	
	
	
	
	
	
	
	
	
	
	
	
	
	
	
	
	
	
	
	
	
	
	
	
	
	
	
	
	
	
	
	
	
	
	
	
	
	
	
	
	
	
	
	
	
	
	
	
	
	
	
	
	
	
	
	
	
	
	
	
	
	
	
	
	
	
	
	
	
	
	
	
	
	
	
	
	
	
	
	
	
	
	
	
	
	
	
	
	
	
	
	
	
	
	
	
	
	
	
	
	
	
	
	
	
	
	
	
	
	
	
	
	
	
	
	
	
	
	
	
	
	
	
	
	
	
	
	
	
	
	
	
	
	
	
	
	
	
	
	
	
	
	
	
	
	
	
	
	
	
	
	
	
	
	
	
	
	
	
	
	
	
	
	
	
	
	
	
	
	
	
	
	
	
	
	
	
	
	
	
	
	
	
	
	
	
	
	
	
	
	
	
	
	
	
	
	
	
	
	
	
	
	
	
	
	
	
	
	
	
	
	
	
	
	
	
	
	
	
	
	
	
	
	
	
	
	
	
	
	
	
	
	
	
	
	
	
	
	
	
	
	
	
	
	
	
	
	
	
	
	
	
	
	
	
	
	
	
	
	
	
	
	
	
	
	
	
	
	
	
	
	
	
	
	
	
	
	
	
	
	
	
	
	
	
	
	
	
	
	
	
	
	
	
	
	
	
	
	
	
	
	
	
	
	
	
	
	
	
	
	
	
	
	
	
	
	
	
	
	
	
	
	
	
	
	
	
	
	
	
	
	
	
	
	
	
	
	
	
	
	
	
	
	
	
	
	
	
	
	
	
	
	
	
	
	
	
	
	
	
	
	
	
	
	
	
	
	
	
	
	
	
	
	
	
	
	
	
	
	
	
	
	
	
	
	
	
	
	
	
	
	
	
	
	
	
	
	
	
	
	
	
	
	
	
	
	
	
	
	
	
	
	
	
	
	
	
	
	
	
	
	
	
	
	
	
	
	
	
	
	
	
	
	
	
	
	
	
	
	
	
	
	
	
	
	
	
	
	
	
	
	
	
	
	
	
	
	
	
	
	
	
	
	
	
	
	
	
	
	
	
	
	
	
	
	
	
	
	
	
	
	
	
	
	
	
	
	
	
